<?xml version="1.0"?>
<opencv_storage>
<left_camera_matrix type_id="opencv-matrix">
  <rows>3</rows>
  <cols>3</cols>
  <dt>d</dt>
  <data>
    6.4000000000000000e+02 0. 3.2000000000000000e+02
    0. 6.4000000000000000e+02 2.4000000000000000e+02
    0. 0. 1.
  </data>
</left_camera_matrix>
<right_camera_matrix type_id="opencv-matrix">
  <rows>3</rows>
  <cols>3</cols>
  <dt>d</dt>
  <data>
    6.4000000000000000e+02 0. 3.2000000000000000e+02
    0. 6.4000000000000000e+02 2.4000000000000000e+02
    0. 0. 1.
  </data>
</right_camera_matrix>
<left_dist_coeffs type_id="opencv-matrix">
  <rows>5</rows>+
  <cols>1</cols>
  <dt>d</dt>
  <data>
    0. 0. 0. 0. 0.
  </data>
</left_dist_coeffs>
<right_dist_coeffs type_id="opencv-matrix">
  <rows>5</rows>
  <cols>1</cols>
  <dt>d</dt>
  <data>
    0. 0. 0. 0. 0.
  </data>
</right_dist_coeffs>
<R type_id="opencv-matrix">
  <rows>3</rows>
  <cols>3</cols>
  <dt>d</dt>
  <data>
    1. 0. 0.
    0. 1. 0.
    0. 0. 1.
  </data>
</R>
<T type_id="opencv-matrix">
  <rows>3</rows>
  <cols>1</cols>
  <dt>d</dt>
  <data>
    -6.0000000000000000e+01 0. 0.
  </data>
</T>
<E type_id="opencv-matrix">
  <rows>3</rows>
  <cols>3</cols>
  <dt>d</dt>
  <data>
    0. 0. 0.
    0. 0. 6.0000000000000000e+01
    0. -6.0000000000000000e+01 0.
  </data>
</E>
<F type_id="opencv-matrix">
  <rows>3</rows>
  <cols>3</cols>
  <dt>d</dt>
  <data>
    0. 0. 0.
    0. 0. 9.3750000000000000e-05
    0. -9.3750000000000000e-05 0.
  </data>
</F>
<R1 type_id="opencv-matrix">
  <rows>3</rows>
  <cols>3</cols>
  <dt>d</dt>
  <data>
    1. 0. 0.
    0. 1. 0.
    0. 0. 1.
  </data>
</R1>
<R2 type_id="opencv-matrix">
  <rows>3</rows>
  <cols>3</cols>
  <dt>d</dt>
  <data>
    1. 0. 0.
    0. 1. 0.
    0. 0. 1.
  </data>
</R2>
<P1 type_id="opencv-matrix">
  <rows>3</rows>
  <cols>4</cols>
  <dt>d</dt>
  <data>
    6.4000000000000000e+02 0. 3.2000000000000000e+02 0.
    0. 6.4000000000000000e+02 2.4000000000000000e+02 0.
    0. 0. 1. 0.
  </data>
</P1>
<P2 type_id="opencv-matrix">
  <rows>3</rows>
  <cols>4</cols>
  <dt>d</dt>
  <data>
    6.4000000000000000e+02 0. 3.2000000000000000e+02 -3.8400000000000000e+04
    0. 6.4000000000000000e+02 2.4000000000000000e+02 0.
    0. 0. 1. 0.
  </data>
</P2>
<Q type_id="opencv-matrix">
  <rows>4</rows>
  <cols>4</cols>
  <dt>d</dt>
  <data>
    1. 0. 0. -3.2000000000000000e+02
    0. 1. 0. -2.4000000000000000e+02
    0. 0. 0. 6.4000000000000000e+02
    0. 0. -1.6666666666666667e-02 0.
  </data>
</Q>
<map1_left type_id="opencv-matrix">
  <rows>480</rows>
  <cols>640</cols>
  <dt>s</dt>
  <data>
    0 0 1 0 2 0 3 0 4 0 5 0 6 0 7 0 8 0 9 0 10 0 11 0 12 0 13 0 14 0 15 0 16 0 17 0 18 0 19 0 20 0 21 0 22 0 23 0 24 0 25 0 26 0 27 0 28 0 29 0 30 0 31 0 32 0 33 0 34 0 35 0 36 0 37 0 38 0 39 0 40 0 41 0 42 0 43 0 44 0 45 0 46 0 47 0 48 0 49 0 50 0 51 0 52 0 53 0 54 0 55 0 56 0 57 0 58 0 59 0 60 0 61 0 62 0 63 0 64 0 65 0 66 0 67 0 68 0 69 0 70 0 71 0 72 0 73 0 74 0 75 0 76 0 77 0 78 0 79 0 80 0 81 0 82 0 83 0 84 0 85 0 86 0 87 0 88 0 89 0 90 0 91 0 92 0 93 0 94 0 95 0 96 0 97 0 98 0 99 0
  </data>
</map1_left>
<map2_left type_id="opencv-matrix">
  <rows>480</rows>
  <cols>640</cols>
  <dt>s</dt>
  <data>
    0 1 0 1 0 1 0 1 0 1 0 1 0 1 0 1 0 1 0 1 0 1 0 1 0 1 0 1 0 1 0 1 0 1 0 1 0 1 0 1 0 1 0 1 0 1 0 1 0 1 0 1 0 1 0 1 0 1 0 1 0 1 0 1 0 1 0 1 0 1 0 1 0 1 0 1 0 1 0 1 0 1 0 1 0 1 0 1 0 1 0 1 0 1 0 1 0 1 0 1 0 1 0 1 0 1 0 1 0 1 0 1 0 1 0 1 0 1 0 1 0 1 0 1 0 1 0 1 0 1 0 1 0 1 0 1 0 1 0 1 0 1 0 1 0 1 0 1 0 1 0 1 0 1 0 1 0 1 0 1 0 1 0 1 0 1 0 1 0 1 0 1 0 1 0 1 0 1 0 1 0 1 0 1 0 1 0 1 0 1 0 1 0 1 0 1 0 1 0 1
  </data>
</map2_left>
<map1_right type_id="opencv-matrix">
  <rows>480</rows>
  <cols>640</cols>
  <dt>s</dt>
  <data>
    0 0 1 0 2 0 3 0 4 0 5 0 6 0 7 0 8 0 9 0 10 0 11 0 12 0 13 0 14 0 15 0 16 0 17 0 18 0 19 0 20 0 21 0 22 0 23 0 24 0 25 0 26 0 27 0 28 0 29 0 30 0 31 0 32 0 33 0 34 0 35 0 36 0 37 0 38 0 39 0 40 0 41 0 42 0 43 0 44 0 45 0 46 0 47 0 48 0 49 0 50 0 51 0 52 0 53 0 54 0 55 0 56 0 57 0 58 0 59 0 60 0 61 0 62 0 63 0 64 0 65 0 66 0 67 0 68 0 69 0 70 0 71 0 72 0 73 0 74 0 75 0 76 0 77 0 78 0 79 0 80 0 81 0 82 0 83 0 84 0 85 0 86 0 87 0 88 0 89 0 90 0 91 0 92 0 93 0 94 0 95 0 96 0 97 0 98 0 99 0
  </data>
</map1_right>
<map2_right type_id="opencv-matrix">
  <rows>480</rows>
  <cols>640</cols>
  <dt>s</dt>
  <data>
    0 1 0 1 0 1 0 1 0 1 0 1 0 1 0 1 0 1 0 1 0 1 0 1 0 1 0 1 0 1 0 1 0 1 0 1 0 1 0 1 0 1 0 1 0 1 0 1 0 1 0 1 0 1 0 1 0 1 0 1 0 1 0 1 0 1 0 1 0 1 0 1 0 1 0 1 0 1 0 1 0 1 0 1 0 1 0 1 0 1 0 1 0 1 0 1 0 1 0 1 0 1 0 1 0 1 0 1 0 1 0 1 0 1 0 1 0 1 0 1 0 1 0 1 0 1 0 1 0 1 0 1 0 1 0 1 0 1 0 1 0 1 0 1 0 1 0 1 0 1 0 1 0 1 0 1 0 1 0 1 0 1 0 1 0 1 0 1 0 1 0 1 0 1 0 1 0 1 0 1 0 1 0 1 0 1 0 1 0 1 0 1 0 1 0 1 0 1 0 1
  </data>
</map2_right>
<image_size>
  640 480</image_size>
<baseline>60.0</baseline>
</opencv_storage>